3836
3667
5661
6997
7593
4371
6808
9809
9965
6097
7129
7869
1637
4172
9174
6915
6334
2828
9841
1663
5188
6998
158
2095
4473
8671
1129
2577
930
6426
4640
700
5438
4276
706
5071
8547
4010
6678
726
3905
5642
9598
4462
5989
6502
4964
810
4170
9345
5381
8659
1530
4792
2075
1521
2082
180
5194
8424
3443
5584
8785
9035
5158
1439
7933
3031
1243
5198
2197
153
5379
8610
3703
528
3490
6333
7052
3799
7050
5466
2583
153
794
1916
9666
7199
8284
9271
7705
7475
6132
3375
8939
8603
2506
1649
3114
4694
7327
7799
525
1549
3836
2905
8609
1068
9233
1347
1826
3450
1709
6151
9622
8190
8139
441
665
8266
5340
9622
4143
1057
5748
1844
9848
771
7013
1632
628
900
1773
7315
9812
2057
7996
9376
918
7136
7447
6130
5424
3764
2572
6695
329
2431
5629
4912
5666
6807
4603
5137
8270
6010
6381
7849
9501
3625
2330
8282
6905
5576
8954
4936
993
2453
441
7796
739
8559
9852
9722
7954
2307
5512
259
4471
7851
9919
143
538
852
9310
3748
4452
4977
3264
1235
9619
1444
2501
2013
7090
2661
4923
4966
3881
9830
2928
1552
1114
9386
8462
8752
4661
4701
9151
9300
6828
1049
4168
7703
854
1448
1940
7121
2106
5723
5753
9262
2642
6649
3807
6200
6747
8795
3032
2230
8035
8486
8968
4669
9731
8331
9391
11
5471
8114
7375
2391
1791
693
475
2027
4404
6146
8917
6623
5189
5557
2599
4006
5246
2898
7127
1750
1917
241
600
7491
3286
6117
9779
7442
2279
9511
3913
4959
1682
3949
9421
3810
8867
9678
181
2620
2614
5076
734
2714
5023
1190
658
7311
7695
4970
8835
230
6472
5344
6608
655
9234
7809
2267
6215
994
5526
500
2465
3319
7696
3972
8833
549
7752
2556
5567
5522
7763
5494
9454
8386
6583
5286
5855
6828
5656
8192
2479
2221
2893
7878
898
5105
3536
49
7317
2285
2854
936
7445
3036
8800
6357
6437
9378
9128
1861
1796
5090
587
7348
806
9236
4950
3127
5404
3263
3361
7747
7871
8055
4276
86
7767
2992
2991
7232
3267
3394
8932
7398
6483
6264
7051
3838
1401
4821
5216
6627
5368
2155
2395
711
8781
2455
2968
7085
4633
9337
5582
1632
9716
329
6820
8825
3222
3272
2783
6812
7761
1685
9531
1737
3541
7368
229
5532
4945
6475
1243
3223
2476
7102
6410
4959
8207
5073
7025
5012
1922
6436
6062
8494
7465
9296
401
4878
4197
9446
6124
1885
6806
5960
4847
2097
2137
842
6080
4583
9390
2651
5487
9830
4466
8833
5839
2490
4268
5081
7105
7776
1170
6325
7641
3086
2449
793
5028
7483
7379
5737
8184
4837
9755
9952
6553
7934
3580
5267
4199
5790
9500
9646
5252
9604
9435
918
9221
1825
7112
4014
3129
7229
2787
3084
1367
2487
5264
8715
9852
324
8794
1752
3544
5260
9333
2122
2280
1783
1742
1488
8597
4502
794
963
843
1983
7506
4638
6693
2128
5606
6951
2383
710
9561
579
6090
4323
1846
514
5108
6485
8149
5271
3194
6316
8842
2783
7023
9247
4930
3660
6784
2352
1465
2246
2478
2957
4504
435
5426
3567
936
7938
330
2533
9925
8316
3372
251
4704
1062
4210
553
5062
7405
5378
9462
2902
8977
6800
2034
8310
9880
1538
7442
7930
6755
1795
882
4706
3499
5276
3896
8702
2598
985
640
3542
373
3688
2263
2068
165
6848
7038
7091
3409
2067
9883
8768
3664
1226
8771
4306
4672
6973
7357
3512
6879
3773
6475
2495
5847
5447
8573
7387
2945
1661
3265
6052
6808
6726
7313
6564
3919
4973
9971
3107
4482
5013
2981
4325
3756
9913
8637
1458
4154
8559
5991
7779
4502
9121
9658
3639
474
4042
9257
5624
2662
1325
5855
6192
7825
519
4165
5001
2345
4495
3360
9215
1313
8935
4341
9832
7271
2116
7575
8274
4226
3680
7183
134
8170
3457
748
7672
7872
7335
1079
8869
3773
3937
8897
8307
9977
3621
380
4950
8149
6288
1874
3299
3932
2584
4912
4470
6091
3994
6185
772
3214
1422
8731
2530
7497
7735
674
6666
143
7552
2529
3331
6470
3625
8970
6333
9499
9081
3081
7779
2233
9302
3444
2352
1307
9304
4726
941
9617
5137
9844
3464
9719
7557
2148
9499
9061
826
677
198
5033
1943
2276
130
793
5469
8891
321
6482
8674
5394
1197
7544
1689
3190
1656
2556
5736
4662
7775
9693
4909
297
4501
5679
6140
7279
2136
6171
8733
7480
2582
7678
8409
592
2494
8892
5218
4800
3353
5016
2586
1892
9827
1695
843
5256
7729
3338
5961
989
9801
5886
7754
2299
6089
6656
3662
328
6013
1593
7485
7798
6843
1279
1640
1200
6749
3167
1356
1912
7873
506
9497
4414
4533
2863
3645
4529
442
8888
5538
5918
2436
3221
3106
2397
1613
8491
2969
1076
2847
7196
3805
9045
2311
5721
1721
6478
5972
2836
9996
7758
3208
6872
2304
8264
905
7152
3747
8495
2983
2100
8975
8675
351
3242
9466
6768
5135
8788
8726
6153
7459
1344
1133
5972
3640
4812
4917
5468
913
3715
5336
1090
3159
4874
5703
1210
4670
1029
7987
3459
3786
9412
1654
4782
5091
9872
4478
7882
7901
908
8089
5390
8213
3891
6641
8032
6158
6789
4511
1598
4337
7040
9471
2213
6021
1042
2151
7805
2307
5318
9646
7051
9476
7990
6097
4218
3675
7994
874
1487
6722
637
9322
7461
4807
2132
2076
6019
955
3957
6670
6024
3413
3762
202
3934
2449
9595
1743
1274
4832
496
5418
1394
461
7108
3136
7884
6162
2680
2485
5395
5042
360
8732
36
3984
6117
5629
4687
2773
761
6744
7983
7143
4803
7387
488
4747
595
3041
4948
376
8798
5060
1908
4879
5835
1714
7990
7140
6087
3411
6299
7306
9351
6604
9905
7727
3331
3581
6435
60
5996
2645
9189
859
7869
3753
8068
7579
7583
7614
8180
7048
6947
9929
8394
9288
7120
3942
8908
8370
912
8635
1046
5760
5847
3534
797
2351
4670
8317
3500
1157
624
9440
9163
32
2671
5111
9737
6978
215
4465
5457
1376
2493
9188
9346
3717
8680
7297
4974
2361
5806
6124
3873
8528
2095
4280
2406
7371
3855
2529
5887
1067
9671
2899
6657
8380
5705
2298
4101
10000
5994
2062
8891
6008
7320
9265
8197
7545
7473
1847
123
4116
4404
3653
4022
3872
8961
9256
1062
6056
4451
8568
7855
1242
6992
2348
9595
4871
3381
8272
2892
5119
2246
2780
432
2851
2070
2117
9412
4234
8205
683
7294
245
5628
1160
9479
4893
8470
3604
5282
9910
6959
8739
9934
6045
1937
884
8142
7685
708
2512
1097
925
3412
8449
340
227
1478
4950
796
2210
7218
9272
3534
4692
5140
4491
1766
9592
1243
1245
6522
5504
7780
1302
2080
780
6109
9370
6724
9351
3456
8692
4561
9739
6816
3282
1768
5458
9235
6189
2648
2416
9345
1419
916
5977
6333
843
7613
6316
8846
3202
1794
1264
5238
2738
4582
531
8542
7109
7027
7656
8450
4000
9600
7445
8504
6098
1584
9115
9695
6990
5709
9084
4211
3836
8550
2726
2087
3798
7200
9874
5987
9699
1336
755
9568
7105
2096
481
4044
631
7133
5175
207
8660
8789
6796
2581
5716
1807
9542
3661
4642
7867
6812
5649
2744
2821
4161
2023
2603
4470
4417
8765
9157
6358
1287
7570
4939
3625
2155
8379
6484
9329
847
4034
3209
6202
1192
6381
1805
6197
3737
626
6778
1876
5578
398
1850
2016
8598
2284
5897
297
7046
2587
129
6287
2108
6418
5522
4587
5256
6514
1999
3687
990
2953
7641
6599
4422
3541
9155
484
3562
6970
4196
1795
3678
2930
244
2575
5818
2989
861
1032
402
9383
1921
1660
6793
2530
1646
5022
2465
8785
3636
4228
9061
3324
936
5276
2033
3470
9928
9990
447
1521
1604
2201
6575
2539
4166
476
404
2947
5195
8197
5345
5685
329
1390
3579
5937
3928
9809
6003
6441
7817
4959
926
9746
1540
5374
6044
8755
6185
1664
7744
4957
8931
3497
6278
7255
9117
1087
772
3669
8527
7643
9954
6658
2287
8624
9407
190
5472
4828
928
2876
9982
3737
2757
1874
1729
9443
1432
9289
3001
894
7839
6986
1342
2200
2929
3490
2709
7639
9890
6979
3078
2081
8291
7242
7435
2458
5937
2935
6704
9686
6045
7857
7732
7533
8301
4468
7787
9420
3759
5268
7426
5440
5866
9714
9609
7295
9904
8378
2090
2848
2147
6354
9316
1927
667
9570
3028
550
907
5068
9945
5245
743
2376
8038
5661
919
5299
4843
1893
2727
1381
5172
5351
9613
980
5269
408
1689
9767
55
5921
1680
2984
6699
5485
9935
1279
3647
4596
7748
8586
681
3307
9952
4448
1058
3393
5391
4218
2665
5903
7650
8539
5085
6527
8948
9343
5816
419
7519
7637
3500
2473
7556
3498
1582
3460
2995
3126
5511
5011
1229
1529
3789
6794
8391
81
9283
327
267
2275
2882
5974
7158
555
6802
6352
4133
9834
8504
5532
9463
4251
3898
7924
2454
7412
977
3807
7178
8631
1282
7056
4887
49
328
5684
3845
4387
6624
5438
6242
6246
6175
7455
8088
225
9488
3904
1141
1251
3292
5809
8323
4416
1422
8698
5414
7444
8376
7370
6525
3289
4030
1668
5501
2506
3179
9856
4148
7240
9639
1302
5783
7577
1079
3059
1759
2902
4441
4055
262
2278
1290
6997
680
4689
7149
7577
1858
3844
8505
3270
3916
4450
9818
1988
4991
5615
9319
1040
534
3828
9645
3610
3076
3011
909
9470
6939
4225
9082
265
7656
1522
9658
4758
6071
7766
3677
1746
7238
1195
8349
6963
300
2630
1177
3764
1646
9867
9377
1266
1486
2662
6981
2093
2976
4307
1176
7092
2971
3074
6612
2743
2673
802
5184
641
2659
233
3094
4394
3615
2953
5793
5114
3513
8160
1287
9927
6038
7741
1832
8022
1731
1596
6956
5773
7067
6302
1064
3666
9376
2969
4738
7862
1169
5496
855
7704
9557
3971
9350
5320
3587
6959
4643
533
2222
4076
6531
922
2387
3817
9016
125
5501
6134
4472
8154
425
3735
313
4095
3577
8347
2231
5522
8274
3694
751
5302
6450
5102
7605
4190
1482
3051
5139
2999
2188
9029
287
5088
2914
6742
3102
402
7320
5705
4025
5461
5843
7641
8437
1490
6654
1656
6414
7488
4428
4219
9841
7369
6953
3121
6070
3907
6641
5352
4879
9048
6178
9969
7504
6239
7237
8170
9409
3176
9668
1793
9461
2541
9224
4573
4092
7290
7382
4254
2696
1603
7027
754
6400
4861
782
3907
223
3765
9590
7787
1379
8685
870
7544
3516
4382
7639
1907
6863
3693
6829
5303
8455
4035
4580
5770
3616
265
2962
9863
9474
6914
1721
5354
7712
7809
7475
7859
1310
5708
8451
6145
347
7705
5409
4797
6775
3350
6909
8120
8746
3291
6688
708
3301
1255
6968
6384
3173
9998
9058
9586
5538
3175
9770
9989
9212
3523
8023
5216
5118
9123
3918
9414
2888
2856
5039
7475
8288
1425
2524
7566
6167
9809
2768
8928
2769
8624
889
9791
3504
1944
2247
285
7795
9208
8232
7830
319
9280
2855
5552
9802
1449
6729
1202
6391
794
5924
5223
301
6164
6121
4318
2762
6979
2139
1657
7280
5783
2632
3851
9313
8511
6667
8921
7261
3104
6934
1108
6392
3087
9910
8372
2758
628
1250
9638
7751
3027
6234
9586
5008
561
9492
8386
3425
4599
5718
1532
6241
4800
3502
3043
8905
2110
1723
6298
7602
5305
5948
1886
9893
9201
2937
5812
5863
8522
6513
2859
4144
3657
380
8747
722
12
2453
1731
5153
8281
9465
9112
549
3307
7908
2842
7447
3621
6148
2039
449
5163
5855
950
8036
7592
6965
6707
5447
2860
3457
8197
1061
1451
7389
754
8676
37
8914
5092
3347
9414
8326
1163
2274
2689
9043
5336
3428
9983
856
9899
5738
6078
2048
9074
2965
5237
9449
3724
6030
7851
8553
74
8687
664
1664
4881
7760
3421
2014
2503
5004
1747
4143
8630
9713
7918
3698
3101
5085
935
7870
7280
6757
6735
2893
6168
6061
9779
3545
2518
907
3411
5485
8275
2131
3110
3686
85
8793
942
5239
2671
4961
7707
8494
8313
486
287
7812
7189
9712
6453
4495
8462
8234
4035
6700
9422
6853
1750
8244
4869
5631
6723
4921
6529
5269
7638
9321
6500
8064
6359
5751
1106
3577
5675
8480
9329
1865
7213
886
8797
3167
1425
3053
5996
9069
1717
8828
1733
2992
8708
8117
8761
7083
4588
7153
6904
7682
783
6451
5274
9506
5101
4511
6121
2287
5263
6113
8020
448
3017
2826
4422
7773
7402
914
4582
7911
9763
2229
139
6336
6677
7947
8480
8586
6772
8600
6225
3408
6646
1178
4076
3232
4571
69
9982
5545
7242
6470
1190
6664
4184
6976
7843
8225
1060
490
9271
727
6939
5299
5994
4743
4521
9340
907
46
8103
2063
7678
7998
9664
2184
4703
8285
9542
3192
5285
9774
3046
2958
4619
9224
149
7376
816
303
5809
3196
2511
3385
2949
5001
1618
2957
8071
8516
3062
4183
5939
543
7978
5472
8141
5834
1882
3804
7154
6814
8462
2713
6899
4588
5848
2305
6280
6164
9155
5302
5324
3601
2409
2933
3615
7945
4560
2206
9398
1602
2830
4069
4119
6851
9555
4717
5402
3199
5612
1696
5758
8787
487
8335
8974
9234
4011
6253
374
4267
8510
958
1323
2995
4214
7418
2022
6836
6564
4148
4026
1211
5704
5527
282
9613
52
144
9474
1708
2097
3097
8977
442
6618
5408
4894
8765
3322
5011
7504
8284
4597
4561
1117
5405
4750
3680
5449
2639
1839
7877
603
2207
9880
75
8905
2281
2225
1388
7040
7417
7277
2075
944
4867
1405
268
2396
9951
9988
8962
2327
9682
674
5469
7946
5346
7935
5462
200
4167
6484
8648
1616
1928
4221
188
811
8654
4296
4835
6506
4753
7191
6362
5512
5904
1168
1112
4821
2736
5848
9457
6794
2104
256
4935
3811
6903
469
4787
8590
6737
8759
6334
3820
7878
6205
9924
7473
409
2513
2373
9412
677
6950
8873
8909
2935
449
8644
4870
1594
7301
1876
927
2260
2988
7087
3803
760
4282
4105
2638
1482
9672
1001
5416
6834
2567
8603
1752
457
4721
2372
2959
5890
6549
578
2455
1019
9731
2145
7144
1769
7879
8603
1975
499
3266
3090
5349
5780
1051
7347
1699
8095
5896
317
8866
544
4402
8860
8639
8093
4681
2854
8206
8528
3017
582
8126
8541
181
1659
9486
2155
7562
8156
2677
7350
9040
124
837
1154
511
1012
3437
3458
4473
2567
5842
9858
631
6554
4483
7814
6460
53
9669
8280
4467
1017
9337
7160
5579
4376
8167
3695
2992
6352
6771
8537
751
9831
903
3110
3544
7485
5826
8354
6022
356
2203
5313
5653
2675
3894
9280
2054
4352
4127
1372
730
9906
2815
1919
8237
4016
5713
8146
5710
6195
8630
5593
8180
3320
4923
5634
6012
6743
864
2578
5517
6704
161
4716
2353
1382
5029
9538
3712
5083
1751
6309
9248
3861
9624
8678
2715
1678
691
8339
2151
720
8410
6942
5288
4763
7353
5500
8437
1393
3391
4943
7701
8481
3094
6318
5452
6860
706
7171
9268
2611
5491
7043
3523
9069
478
6035
5972
7150
6814
4789
2572
8125
6058
6154
6205
3431
9485
8971
8685
9262
9329
6604
974
9225
3870
3667
8371
1490
4069
254
8452
3772
1573
4167
6845
2750
1465
5952
7234
816
4573
4659
3526
5285
7506
5679
3706
2086
9886
8044
4771
5586
9114
1371
5458
2999
3117
2529
3287
9724
8158
429
3856
2883
3775
2475
9563
4259
3091
861
7724
9484
5356
8586
5959
295
9258
8275
1692
8295
2611
8821
5859
3517
4722
4504
3813
7320
8133
4135
8032
771
7789
3210
5868
834
9542
2669
6321
2300
3319
8713
8221
2410
3698
5876
2609
7179
8087
5991
1041
9748
5225
1626
4179
4979
4516
3050
7264
3927
4751
1332
9381
6302
1550
8600
1982
4447
700
7615
1629
4235
4656
8511
2866
4934
1099
898
299
6360
1442
7074
7663
2513
8595
9694
747
462
8218
8484
5568
6441
7862
5540
8155
7815
2417
9607
3802
6005
5102
6492
1010
9302
3119
8513
5731
8867
4347
3829
3909
8223
2219
3081
475
9239
8042
24
9081
6432
1172
1040
9437
2239
2078
3116
6604
2817
5307
8621
351
9965
9640
2048
3792
9277
7104
3205
4349
7996
8809
286
3966
8492
8874
6171
2605
204
4160
2526
9358
2079
4292
512
5313
8263
9057
9299
1800
5088
5045
6131
8537
8272
8805
4345
9306
4412
9535
8517
5485
5791
3453
6185
6299
9134
5975
2158
92
8978
5255
7103
6690
653
2881
8889
5825
9941
8081
5179
4525
4281
8536
8538
812
1620
626
3827
4125
9542
8234
2903
4863
722
9508
7747
5697
9058
3672
2623
5245
4036
8725
9129
9317
3513
1610
5762
378
3789
6538
893
2489
1670
356
7411
5052
2678
3243
4518
3680
6062
1087
1902
913
3931
350
5560
7246
3253
5799
2039
7349
8943
3705
6452
2971
9967
195
427
4277
1900
2122
4195
799
8627
7535
570
8910
835
1723
3680
1563
4153
7568
3971
6027
697
2986
3150
8781
7827
7947
6557
9371
7849
8835
8868
8974
7121
1806
5582
1606
8233
7922
5865
1051
2821
2097
5029
1869
2614
4755
260
226
1542
887
9881
502
7511
7559
6506
8758
8687
6165
470
4720
5760
2772
8452
4087
4509
7237
2171
9081
4614
8055
7140
24
8696
1063
9520
9580
2391
1391
6643
2978
6108
470
8002
883
7201
8883
7951
8237
1214
9156
5952
3316
4161
4934
8649
3525
2977
5825
5678
326
4409
3710
7330
6896
5146
9837
1664
9849
3520
2116
2805
312
4244
7835
2874
4618
5629
4926
9709
2667
2806
7416
227
3472
7522
8398
9726
1963
5178
9444
4391
4989
3173
2047
210
2616
1733
1937
3031
5541
7882
9388
3925
5532
5576
8807
6731
4653
7995
5545
7239
5231
3936
3406
7647
6388
2405
6635
8393
4159
2208
7916
7543
9339
6470
6191
8543
2187
5510
8737
1236
1123
1030
2498
9811
3481
1444
2376
672
5408
1482
3625
2213
6760
407
7090
8211
9098
6700
2635
5275
6029
8113
6767
5393
4211
3264
6273
5386
4525
9278
3129
6943
7963
9912
713
1617
8567
6189
4230
5873
9605
8693
5127
8648
9487
5624
4685
2701
9414
228
1299
4511
6454
8534
5982
5923
915
2791
7128
9317
721
3212
439
1712
8749
5041
1184
8323
2715
269
8363
4301
5567
8600
3966
7787
3890
3935
7322
9078
6445
7709
8877
3670
3674
9586
971
581
7186
6643
71
1149
4275
395
6684
2581
491
5064
3174
103
4983
9033
8036
952
3858
3286
1117
9264
6930
3120
8185
3503
5792
1981
6881
7082
9824
8831
748
6391
4970
6113
889
3981
9119
5972
7173
3818
784
7666
4953
1129
5687
4644
4592
8714
4813
950
562
5805
5630
8252
1594
2428
2789
3804
1971
3068
9835
4761
9799
8639
9412
6071
1257
8719
8346
4326
9105
300
8443
1089
5966
5987
8543
1274
1092
2529
6024
2921
892
7909
4966
9002
1188
7585
5945
3646
1320
9918
2843
4465
8498
6125
3359
7629
5047
8608
749
1727
7471
8920
4220
8100
7692
3731
4410
9196
8863
3306
871
2725
7907
5850
3962
2238
2745
1167
3487
142
678
9404
7051
5931
2405
9466
1534
3122
4320
8329
3667
6968
8523
8701
5981
410
5873
3888
8470
785
1838
9372
8165
3436
2397
5732
4462
6186
1285
9059
2688
8345
3670
6523
7117
3792
5316
1018
6376
8126
7540
5331
7907
7177
4712
5368
8928
4483
5331
1785
4889
3897
9593
714
6310
4785
1188
4286
5865
7690
4773
6821
2973
9137
1934
2624
3525
6374
3904
4151
5883
2166
9303
2890
8251
1193
3941
8608
8339
2933
6683
5380
5566
8923
6999
4961
1659
8369
5764
7782
7103
6545
7217
1466
3320
3468
9694
7452
1521
8616
8198
9527
960
7917
8886
9320
9444
8819
5133
4975
6277
210
1789
2777
3935
438
6025
7835
152
9028
8042
110
7469
6090
4839
7462
3016
636
4222
799
4985
4642
4182
9510
4011
7647
8516
5180
3656
7688
6716
9995
614
8106
7523
7971
360
761
8995
7434
7379
398
35
8838
9090
998
3142
6768
6038
334
2102
4608
3163
4093
3026
2668
340
7033
8735
4143
7685
5753
8905
1817
2308
4510
9772
7233
1948
4663
9073
234
3998
3702
5036
2237
3984
8559
7388
6469
4321
1022
921
3390
3173
9890
9064
1574
4032
6836
9310
3213
2834
1548
483
4231
3422
9347
5676
9820
2194
7485
8303
913
1083
3880
4912
2543
42
103
3783
4690
1751
9012
7655
3112
1641
6966
6799
7469
6281
5255
8869
2066
6569
6072
9909
2926
2386
7308
1778
6538
4890
2971
6826
482
7791
639
1407
3469
328
1167
8814
1582
4861
1169
1667
7789
7069
6099
1286
7007
8572
9928
1986
918
5464
6438
519
3454
7274
4208
8039
3293
4195
5263
9486
2221
6489
5421
6635
7032
3071
2648
1721
9632
9338
326
8191
5110
3152
976
3407
2215
2252
6438
3773
8400
7077
9088
4361
8964
6970
9112
1117
903
753
8434
1822
6355
4241
9188
5108
2382
2812
709
7045
1016
4715
7205
765
5554
250
4648
1393
9437
8405
8469
5830
5801
2766
7706
5384
9265
6271
2281
921
9178
2829
2325
2114
7675
9795
8968
954
7105
8683
3888
7163
4351
182
6936
6376
1185
1749
7917
5814
1031
755
7893
7874
8751
4596
8883
5000
5955
8964
6819
9190
4051
9719
4514
6002
7476
9181
2911
6354
2622
6457
8940
2423
4571
9812
5448
1330
743
9385
9927
8587
6226
5103
3647
5823
9936
6036
5109
6863
8381
6366
957
7264
2949
6011
8298
5908
2154
4466
5733
3992
5273
465
3077
4880
1421
8127
8450
4166
1925
7476
5760
6150
8678
1045
8911
4829
241
6649
1967
7283
2303
3666
4424
4352
9117
1776
5029
1537
8004
4201
1035
2776
3776
1567
4780
2372
1213
4814
3271
8260
230
2957
8565
8089
6602
5768
3780
3767
7320
5647
9813
9491
9604
8597
999
4810
467
6639
7318
2404
9440
6541
8906
9509
1932
3578
8804
5550
1819
8250
2639
3432
8672
6654
5751
9434
8226
9947
10000
1012
6910
3206
2381
8660
3282
3922
9825
9205
9343
3424
4289
2694
1873
7817
7929
8225
5361
6377
233
2068
792
6758
3928
3288
1987
6960
9072
7416
1062
8112
3166
5471
4788
5243
2928
1527
9224
7666
1310
2683
2369
4640
7392
7877
790
9032
8104
6818
8764
9451
8418
2584
7294
5114
4937
9025
6064
8295
2854
4637
4714
3605
3547
3887
1370
5281
346
8287
7947
6869
3799
390
8404
8074
7521
6152
9942
717
8969
6181
8943
2031
2707
1299
6775
6823
2151
7132
9667
6733
8138
8095
7087
4157
115
891
2349
9345
6153
1380
3965
7734
7631
9373
3125
9236
1175
8366
3431
4124
6222
9263
5527
7027
5260
7577
3355
4834
1642
4434
2641
1517
3818
9881
7785
5846
4119
1127
1764
3012
4134
4671
152
2266
9465
9479
7210
336
3752
7206
3467
9846
6676
2045
599
1946
5241
2255
3892
9840
7282
179
3480
6215
1870
7489
1643
4467
1442
7810
1480
7583
159
2405
8801
2040
5088
5772
8811
7563
5359
3322
7903
2096
927
3158
3875
747
4554
2928
5024
4877
3381
8575
1070
6007
1748
58
9646
1865
5373
5709
531
833
1079
3957
8283
4428
9905
1583
5559
3770
5425
7767
3548
4857
8351
3171
3526
9646
8852
950
5572
1140
7236
7827
8982
1074
8133
6137
319
1330
289
2968
5904
1529
1409
162
9677
7471
294
7738
7584
3206
7827
9905
5499
1957
2289
4328
7526
2199
6478
8847
3189
1230
3457
6786
611
7982
4079
4159
1464
3519
9367
1570
2469
3550
2975
6934
6469
9371
3697
9386
5146
6114
1085
1547
1157
8528
8054
8396
9497
9603
8335
5367
8440
606
5396
4376
277
2457
7549
6086
4388
9
7317
115
4110
9878
5968
7777
3318
7722
8740
7437
6213
7565
2761
6180
8478
6945
4309
8271
2244
4705
2179
9617
4274
4447
5650
9909
7511
5597
975
5319
5205
8246
6674
4529
2787
8248
8577
7829
7217
4782
2245
5947
6812
1975
622
4403
1538
8629
3750
7207
5467
7159
8496
4114
5438
6978
6167
2686
8085
6952
2423
5262
7508
4847
7541
6882
4892
3778
6447
1612
855
3436
4705
8500
2165
5619
5623
8578
4445
6698
7997
8980
7573
7774
6985
7166
8079
2691
4912
2786
9913
5854
2138
233
3009
3079
6412
2451
2398
5039
4815
542
8440
6506
9102
5198
5506
6261
1948
426
9308
1153
4170
4102
578
3853
2166
2547
1235
2549
7961
7986
4376
6109
2233
6347
6346
4253
3802
6585
2543
8921
2160
9525
4839
7232
5457
2056
708
3509
764
7926
9898
7994
4205
4660
3046
4192
9385
6836
8911
5921
3528
3922
7418
7426
9108
6348
6236
3180
2834
6966
2834
5237
2319
3001
3117
3521
1254
2791
7676
5331
8823
4105
6489
6343
3694
5105
6614
5340
2930
2805
2772
9636
8353
147
8673
6342
6676
8596
7530
7126
2619
2629
1191
6154
963
2414
8179
3091
2810
3483
6408
5814
9427
1487
8650
4095
6254
464
410
5426
9436
1818
110
8805
1882
5686
3594
3265
7910
6422
5995
9824
3122
1128
7205
4338
1091
344
9435
8376
416
1075
8212
1694
964
6686
5183
1740
4315
826
2736
4481
5192
9148
9542
5852
9969
7076
9733
9511
8165
2203
8517
6209
3129
9054
9690
8035
4249
1334
177
6886
6460
9523
6873
6032
4089
7229
9943
3394
9514
2515
2977
1739
785
6265
1357
6952
5966
35
7316
8137
1224
4354
7511
1799
3934
4461
6785
8319
5796
9808
951
6187
2850
566
2726
6877
1070
5466
1379
8773
6268
7888
3062
1420
5081
3535
1286
7792
3643
7815
590
8936
4124
9004
6373
6067
8370
3396
1721
2622
289
9184
8123
5020
4520
4528
8897
3358
6519
8308
8044
8580
6055
1070
4410
294
2161
2714
8859
8514
8892
6272
9277
1680
7525
8823
534
8354
7148
1029
8259
1693
1830
1883
9472
7578
4073
9196
8070
8209
1903
8365
6398
6469
6636
4546
5532
1692
2658
4152
3019
1749
4581
2166
2020
3253
1694
8304
4007
3338
2281
1139
7113
1833
7809
8118
8743
9516
5522
290
2968
3594
1099
5604
9818
288
1625
8264
9830
8291
8940
2685
7696
308
8035
391
236
1159
5422
9338
1234
6918
6397
6754
8086
2924
3531
7809
2152
2448
5210
5297
5418
2187
161
4212
3000
1105
5476
6308
7117
9932
8841
8363
6749
1762
5862
3013
8128
6971
3658
6118
5679
1120
91
9747
9123
9548
6119
163
7515
3087
5860
1970
5107
1725
5330
6119
8075
4621
4616
7694
4250
9120
619
2595
6472
5560
8835
8706
4418
5332
1009
5085
8897
3300
5077
2774
6320
69
7367
781
5861
9371
1980
385
4754
5968
8812
5835
7828
3960
3158
5382
7974
5442
1274
6416
4478
2770
42
9658
307
4711
2228
3773
4174
4990
8090
6727
3529
3623
6738
3008
3656
7091
8070
2012
8185
9882
7291
2878
7900
5775
8722
7694
2066
3054
1096
1565
9226
9699
427
4755
8269
998
3495
8767
4878
3753
4372
509
5007
1342
5908
9886
767
7354
3799
5908
4322
4095
2260
5755
8938
3529
4248
8092
4976
5237
3601
6920
4399
2766
372
4525
4008
7296
7122
8536
4226
1593
8238
5220
3736
4690
4438
8188
611
2423
1893
2164
501
4055
6347
5443
4335
9663
3843
7341
8406
6137
1514
6205
4399
9488
4173
7616
5102
7877
3206
6748
588
2312
7267
853
207
3752
428
7078
9796
8997
3521
5864
6080
8025
4485
2109
1090
563
9564
5035
2862
3279
6629
8170
8635
6793
7730
3402
1050
6199
2741
6888
6417
5479
9082
326
9145
8735
8269
9651
4724
1546
4093
3019
205
5122
3670
2534
5474
2841
4669
2708
3433
4911
3634
8406
6271
7826
5927
4103
8917
7857
1462
7534
9495
6584
8995
8029
930
3350
5087
7771
7505
3413
2984
120
2559
9763
5682
3868
3833
8134
684
7222
4715
7486
9411
1124
4820
4045
3729
793
5472
1421
4017
8053
239
1316
8153
1589
5386
7660
8334
504
9190
2819
6964
5246
9553
1009
3001
4625
6727
7639
5650
561
921
5282
3496
2026
4255
239
1413
1403
4194
4799
4580
1825
2994
9365
2534
3355
5788
4477
799
1360
6042
3610
3251
6882
9296
9098
4672
3006
1036
9989
5498
3334
2383
2431
8672
5821
4731
9154
854
3933
8619
7660
7543
2384
2328
7558
5505
6064
4236
8423
2167
2080
3803
231
3943
4347
8824
3090
1639
4390
6885
5792
718
4497
4591
3631
248
9990
2292
265
3075
277
1518
9128
7740
241
8628
4431
4565
8732
4370
4911
6977
8447
4071
1160
4628
3843
2873
2050
2591
957
7553
2352
9358
4753
639
8082
4495
9266
9851
5635
2276
4169
3870
6486
8241
3672
4280
9176
5449
879
7924
108
6857
5350
8281
3933
3637
4889
9024
6436
4480
1959
3717
7480
4572
6519
1406
9301
6231
1731
5499
3509
4156
293
5963
3724
8702
5527
9959
5966
822
9707
5740
2977
4217
5437
2730
4863
8487
7576
4270
788
4697
4041
9291
3217
3883
4745
6375
7374
840
5191
3293
8996
6654
5988
590
1142
4918
2193
216
8341
836
7736
2115
4852
4987
6008
3978
4643
1162
43
1550
7674
6462
5969
5243
8684
2633
6272
1849
5853
9289
2504
9023
3672
2830
7348
7053
5345
8484
1589
2224
6450
6534
8121
5615
1560
6904
13
3370
2771
1555
2550
5703
1762
4357
6851
5049
4062
9826
3020
4639
5550
9247
8297
1284
3119
3080
1437
1243
5143
545
2756
9807
2549
2390
6681
5622
8886
2909
9395
2766
2261
8383
4321
821
3738
5178
7420
9300
828
6399
9026
3216
9565
3260
7176
3919
3604
9931
2195
1277
1716
2748
400
1556
2015
1822
5009
5797
888
1337
2939
3174
8589
3633
5296
8184
8639
5165
9004
9594
8249
3524
3159
6542
9474
2340
5550
7343
2087
6218
5566
4740
9197
7991
5825
4039
9796
5230
1036
6208
4119
8903
2592
7363
2460
9590
7189
4336
5510
384
4953
1810
8401
1276
5798
3989
6335
7206
2170
9786
2020
2934
9615
3680
1594
9379
1707
3763
9731
5934
1559
9407
5222
4630
1036
6422
7598
7352
7877
3100
7082
9915
4054
9566
1095
5508
8931
4994
7678
4006
7430
5763
5321
40
7544
7491
2448
6075
136
8966
4640
6088
5385
9733
1578
8411
8616
1363
1285
8260
8239
8456
672
6530
68
5682
1009
215
5496
8123
8410
4443
1256
4167
8223
6303
5843
4830
9704
9503
388
2504
5911
7442
5880
3263
7348
9619
7150
6050
3841
2582
5789
2384
8797
6231
6010
8013
2584
1920
3191
1805
3583
2778
5713
1712
3405
195
3445
7744
3045
6408
9619
3463
7809
6066
2144
4294
5858
1064
961
6848
6754
6739
7296
3679
3582
6925
9157
1733
2936
9306
8206
5714
2370
8867
8276
7604
7197
2801
4862
8299
5637
3309
1313
7130
6331
4914
3471
3445
8724
59
2404
9213
5262
9758
8454
1611
3478
7892
7159
9509
8718
1391
5546
2515
169
3913
4783
9838
9128
9869
3926
3943
3320
8584
2707
8466
1367
3342
4177
9992
3045
2737
5046
9935
584
3456
9408
4476
4141
6399
1355
4134
5473
1145
4427
4869
1281
227
1984
6491
7641
3613
1336
3546
7547
3851
9422
1440
2314
7244
2883
4433
5345
4664
9388
7131
4617
9238
6068
9268
3772
8219
1327
977
7861
6147
6992
466
1096
331
133
5530
6788
1831
5368
6748
1472
7728
1703
4411
1251
5742
9377
9752
6753
7917
6863
5627
7044
530
5450
357
9990
6464
3178
4018
7733
3360
616
3
8433
306
9008
1950
1807
9738
1711
809
7265
972
893
1747
1297
1860
1522
1161
2509
5922
5833
8095
1355
5184
3186
5170
6752
1710
8653
6359
8382
660
3255
2273
6184
3188
8282
8232
7269
8738
4618
5587
4710
3076
6412
8264
5653
1263
145
9315
1565
8978
7228
1812
1665
546
1076
9769
3921
455
5044
8768
7392
7412
1870
538
2773
3538
6226
5478
5676
2808
9026
3990
1367
479
9528
9461
7189
134
6130
5636
8849
3943
2747
4994
5292
9855
2407
1500
8033
1967
3928
1296
4055
8502
6505
4142
8847
1948
3225
3547
6902
5626
7344
6780
202
7823
2854
2424
6660
7615
9784
1457
1150
8387
2385
4050
8729
3300
1355
5504
6313
6525
8764
6583
8912
9725
3679
1004
5434
5593
9811
273
4461
9188
5708
2378
1789
5747
4751
7619
8752
618
2390
1050
3387
4195
1125
6725
5064
8689
7541
2111
4135
3563
9102
2576
7773
7057
4868
5673
9577
6457
9506
5428
3592
2581
8737
6717
6982
8236
8662
8121
8780
6440
7011
3335
8760
7627
7536
1101
7806
6914
6627
4666
9831
205
5676
7876
5068
3500
8269
7708
128
5210
7231
5587
3637
8600
8782
7848
7266
7328
6453
7647
3251
7638
2779
5774
862
4705
4332
2932
7604
5639
8663
1334
4194
215
2414
3831
1732
9984
6223
1665
8730
5752
8064
6466
9073
3831
9016
5218
6695
1477
8633
7388
7686
4621
7733
9521
1950
7911
271
6501
6199
3606
6715
2404
9697
4355
4721
4087
2200
1087
7622
4523
3507
9420
2429
4972
8365
2002
4455
1652
1780
7444
8139
2569
2567
7519
4725
1593
8354
9171
8086
8814
2227
4898
86
8140
3332
8644
2700
7987
7510
6576
2352
75
6866
2146
7396
712
4052
108
2322
2579
9445
2643
9428
6100
1910
2063
1359
8552
7197
6148
1594
3570
3695
4243
5088
775
5248
5957
7201
5885
305
1082
9719
1187
448
8102
7080
2135
174
5909
7684
5062
3758
6065
8303
9048
4211
1001
3604
9116
4719
8817
3003
8264
9535
1365
2703
5527
7170
918
1300
2252
1902
2564
8584
665
7046
8143
1359
3324
479
3187
8526
9213
8332
7431
2333
2409
8316
5052
1293
9310
9606
3070
2364
5465
4153
7070
7487
7131
8727
7285
2060
2640
6508
2784
623
8438
571
5517
2154
3663
3946
2255
4166
3821
8824
8718
9530
7942
8689
8086
860
9155
6642
2594
4021
1488
8085
2865
8962
2647
9455
4397
9636
5139
526
5147
9162
7226
5942
1014
7063
2667
3928
6007
6666
1786
3432
210
8742
2403
1670
4717
4969
548
7426
9727
9768
1496
5469
2452
6937
409
4740
2442
4986
8347
3429
8559
7973
8594
9186
4967
388
1515
9684
3123
5099
7019
6762
588
245
8509
3486
5479
7518
1492
5239
4368
8786
5049
8383
8402
2659
564
2409
2740
9348
8578
6864
9657
5615
6452
1497
3686
797
9957
423
758
3839
6543
9233
628
7964
3527
7247
6257
8719
8690
9931
6949
3246
9275
6403
2697
2838
22
8863
9709
7510
7807
1010
7341
7884
9985
5016
4293
7153
3559
5978
6130
335
3561
721
8983
5024
8851
9026
2624
1909
3597
2898
8805
1636
5668
6012
5452
1682
9083
1245
9970
3669
9661
7936
4160
2448
5698
402
6567
3926
4346
6699
3824
5167
9539
1221
7946
1471
8183
2263
4755
2258
3616
957
4871
3535
9311
4869
351
7277
9722
7553
2740
2890
2556
5542
2695
7251
6242
3701
3550
77
9234
9320
1652
4623
2533
74
3379
7947
2861
7033
4642
6707
7473
6823
3
139
5711
9147
1802
4548
6433
7470
7163
6182
6570
7397
9183
6773
6
4270
5668
8828
8778
197
3497
1740
1134
8916
7185
584
2966
8130
7234
7990
8588
7211
2609
703
2738
5129
3084
5474
3729
617
2969
3822
7858
6138
2082
8381
7873
4743
4225
7056
2714
3078
6950
6270
5643
4001
338
9306
7186
2294
3513
4058
4297
257
6367
8420
6830
5436
6416
6217
1885
8352
4853
2468
1176
3940
4952
9550
8811
1330
6832
1394
3949
802
5310
191
866
7143
2549
8679
5615
1558
8542
9652
2047
4857
8499
1471
7753
4015
6094
7842
2170
7400
6987
4119
9720
4763
8435
358
3693
1924
5589
2484
4825
1611
629
5971
2408
1765
2841
8176
2316
8940
1582
1194
7512
852
5635
9715
3588
996
4293
6806
4829
8146
6969
4975
6168
9295
8574
3277
3412
1454
5595
916
4602
7875
4717
4729
7500
683
5032
6993
4490
697
4176
3948
2069
910
3300
8936
3739
862
4686
2759
2105
5842
3227
1485
9948
7807
2150
9565
8373
1600
6540
1869
6504
6945
4926
7801
7274
5280
1104
6645
720
5941
1905
7541
8068
7024
496
7049
8302
1125
5067
6508
5982
2037
7888
1691
8773
322
2501
1818
6358
3643
8979
6049
7960
7342
6039
1049
365
6459
7026
8564
8767
7101
5337
5241
3680
5316
5967
4397
1890
7344
1968
5866
2092
2036
6102
7033
2028
8596
9550
1073
2461
8565
9401
2135
2995
4927
339
1682
4811
9868
4465
7851
3344
4870
9191
4185
1455
1750
7794
5706
6897
8823
476
7038
9180
7229
6004
5605
4498
4747
3985
749
2914
7143
6862
5008
5949
2386
9837
2818
8928
344
6030
7998
2755
723
319
8318
1738
4112
9576
5871
5624
3465
6441
8384
8959
3476
1665
1628
3651
835
8112
3671
5681
2209
3472
9527
8909
7096
7590
5109
9195
4860
4716
8510
1148
1332
3167
7301
5515
2338
5161
5126
3843
3242
2896
5702
8777
8851
40
9611
2521
4393
9210
2893
4692
9415
4839
1674
4563
5973
3106
6428
5621
703
1636
2941
8267
4058
7696
6857
1870
9774
2863
9968
5701
368
5288
933
6328
4387
7609
3561
5008
1037
5070
4268
3695
3706
5003
3782
1880
8171
5043
8414
7292
6198
5490
1650
8807
2398
1839
4243
3321
1870
9698
4288
5176
9152
5177
9869
98
3965
6932
3830
6539
4070
8834
8691
5024
9225
8457
5813
7680
3712
8713
2036
2759
537
2349
6333
5756
5135
5580
6815
5019
8844
2522
1674
1304
4966
7375
4807
9183
9695
8581
7420
3731
511
762
1084
330
4103
1414
6676
5243
53
6160
185
9138
6427
7404
9088
2058
1212
2217
1667
6695
8789
5636
1860
446
7856
3992
1705
4346
1986
5222
7959
9329
4497
4670
8713
7243
41
6044
5454
2500
6061
1105
2075
3458
6427
1953
5219
5016
6319
8830
6611
719
967
5352
2174
4406
4432
2876
3194
8391
7347
2464
1812
6183
5177
1125
6668
3538
5931
7945
8115
9123
8911
1350
3225
1998
7440
7093
9290
7620
3366
9638
7269
6514
21
6826
538
7190
4638
4961
468
7330
479
5066
9893
3257
9683
8544
9348
6743
362
2873
8207
8791
8920
6376
829
1675
9260
3081
7630
5851
6619
5279
1970
4609
1867
520
8796
6990
5548
9379
7355
4530
479
8582
5370
8161
7658
7381
9058
7377
5107
9487
8526
4218
8974
5992
2633
1163
3193
9990
9518
5726
7177
2668
1304
4041
7788
790
3863
7172
8018
30
6416
3750
3296
2988
7243
9908
4792
2864
6057
7646
4788
9282
4156
351
2727
9204
7190
5418
8791
5542
1024
9286
8609
9881
883
3065
2526
6503
55
2924
609
5845
9339
3964
285
4279
6371
3952
1357
4008
8211
4429
3461
8100
1284
5536
5554
2373
6178
181
6154
6417
4913
4602
2962
7717
8827
2319
5509
9109
7174
6325
3410
6291
1574
9706
2768
3635
9362
1921
8629
2948
4218
2445
9758
3575
9038
4685
3343
9860
8634
4784
5800
5413
7864
6063
3366
5322
7140
5957
2818
9943
6645
7213
8098
32
5317
6308
5696
3495
8315
8373
4278
6603
4837
8245
7758
1686
9361
5580
4932
9087
2972
1917
3225
1793
5294
5760
514
2538
3941
8462
3505
677
1719
5671
4182
7208
9934
189
9965
1818
742
7821
8932
7050
3029
1819
8010
2822
7966
1931
5505
1947
4658
5921
7247
1802
5831
8697
4983
8155
977
511
3628
3197
7120
5970
9496
7276
4111
9023
1738
8170
2952
1940
1381
2039
6050
6439
8258
4009
675
4747
6718
6368
2072
7949
142
1785
3285
3480
7332
9778
2262
1753
7273
9705
5951
6050
3515
9934
4057
7702
4467
1353
7102
2405
9300
3795
7668
2263
8548
2564
7330
4256
8849
9113
1566
2176
4319
6835
8700
5743
668
6288
3046
5394
1738
9197
4319
6761
7736
9090
8899
2460
7307
6631
8747
7402
71
9510
9704
6206
4871
8539
2303
1776
6814
320
5574
4499
5553
2328
7139
9728
9359
4597
4241
338
6897
5883
5396
5718
220
2058
3579
6947
2358
4055
64
3203
4601
687
3334
9867
3688
8029
8365
2937
6356
7740
9463
7898
3475
7223
9526
4835
7372
6554
8577
1139
5110
5075
1926
2870
2279
3726
9445
5656
5072
6025
2183
1307
1558
7941
5766
802
6351
5508
5356
6576
8381
2970
8379
4562
4736
3498
5130
5103
6144
3993
8971
3351
1620
1238
4966
2465
8058
6158
4651
5770
1127
9127
116
1910
9246
923
6735
4926
6166
7013
236
7807
1499
5652
781
971
5671
9661
7900
2519
7004
604
9410
537
1874
2017
1683
439
2186
207
6927
8817
9914
2988
6712
7640
9789
5233
7198
4342
8396
8302
2621
338
4079
4511
3434
9939
5463
229
7680
2783
4190
9587
4145
1007
8848
7029
6467
5793
7549
1143
1192
596
9721
4266
9502
3927
1096
5248
4376
8241
4227
785
5825
5834
9929
3920
192
8320
9440
9344
8085
5241
8580
8190
5561
7476
8426
9509
8422
9132
2411
234
4606
5234
2994
2041
9552
351
6710
2610
2827
3977
7983
3017
2614
5387
7886
7839
2843
2283
7412
8986
6369
5703
475
2871
6894
6397
1685
1122
7225
7477
9128
3806
6654
6045
3609
1961
6112
1057
5374
5054
8963
7078
1737
3436
1226
2134
4921
2817
8245
3712
2992
9558
1565
1947
131
2257
2215
3142
8834
2079
6162
6668
8472
136
9608
3194
6330
5912
7628
6978
9596
6345
6480
5967
4921
5783
5080
547
6969
88
7401
71
4016
4333
6947
909
2871
2341
7967
3247
5973
5192
3005
6309
1322
9910
9276
7812
4183
9770
7570
3485
5736
5416
2478
2943
2248
9876
5505
735
3220
9169
8566
3499
6121
5977
1871
7661
2320
8525
8706
2032
292
552
5051
1488
1576
4346
4397
6314
9626
5759
6782
1442
6717
8674
5881
4304
5682
3521
8212
2991
3712
5672
3666
8448
4154
4530
2113
5566
2035
2084
3203
1467
3640
8608
9098
1846
1890
1901
9955
4751
4549
4942
2845
9818
2360
7394
1474
48
1333
9773
9758
634
9893
8317
3638
9025
2221
5799
6730
3423
4750
5085
1398
5462
6897
6217
6262
9247
2828
7860
6714
8513
2530
7752
6485
2924
6158
5014
6147
2848
6023
4266
5028
4788
3443
6765
5169
7672
8404
6220
7135
7621
8194
5751
1452
3307
5073
9557
4200
8240
9266
5713
3890
8163
8946
3560
1115
7734
6895
4048
9860
9122
8653
4713
5954
922
653
6936
9493
8828
7516
9822
7550
8081
6503
4703
67
6497
4094
2004
189
199
6491
2910
444
1743
8516
299
3071
8267
1526
4577
9558
3188
3604
3722
7322
8324
6555
1667
1664
3101
3086
1556
4751
1803
9572
4041
6593
5213
175
6116
1646
2048
6125
7331
4721
7415
8911
2033
5867
185
9612
8620
4944
1354
4444
1695
1846
3916
9891
9975
6046
5354
4020
5445
9886
7992
8571
2624
4465
7745
3586
9461
9380
9502
8084
5470
6251
6939
5609
8687
8912
4415
1102
1359
230
8964
9449
9343
9245
3908
5594
530
7095
2873
5120
6521
8925
1562
8220
5499
5611
6300
3825
4791
9724
1283
223
1667
9446
3992
1225
5750
9558
3108
3747
9421
3032
7302
1204
2303
8081
4972
7410
8330
9598
1628
962
5832
7352
1811
7253
9152
4161
9601
5367
4930
6721
66
4151
959
4202
7638
8960
2711
424
2054
3835
4322
8692
3059
5555
3617
6313
6814
1739
5337
6176
6128
6244
2186
6084
5482
5281
1196
3870
1940
1542
2901
954
511
6922
5010
1893
969
720
835
5555
7663
2101
5408
7412
2375
7962
7686
6290
2500
8305
4642
535
1457
2794
8638
4347
1545
9700
3214
3746
2874
4061
1934
9946
5701
9720
2584
6725
5513
1730
7796
1056
9539
2822
2595
4587
1458
967
6249
7780
99
495
8591
4313
713
5054
7687
2932
3562
5925
5958
5067
8577
2140
6439
9268
7406
5169
4469
7938
9549
7667
2366
6751
9683
342
6661
7272
7961
2001
2021
8136
5936
514
4959
1704
3653
5538
6874
5034
1268
2482
9854
1330
5930
228
1386
3028
8234
406
8548
6653
7063
9175
9003
7969
6655
7356
5323
6454
5782
1908
7422
3514
1218
7874
5063
5027
5426
7678
195
1649
3783
144
9204
5523
5340
6144
2029
5016
2838
8496
1671
779
6963
8388
9754
8212
1434
9136
2253
4641
4231
8537
6198
7693
375
5273
2292
7507
5033
6084
2323
6866
982
8651
3350
1574
5951
3293
9658
9551
8978
2863
8762
1219
7262
1243
3729
684
2407
5812
3414
7147
6970
4466
6920
9671
3309
995
6320
17
8912
6132
8374
5101
4079
7899
2048
3965
4330
4289
304
2597
6068
7218
4750
6623
3082
2112
5613
3919
6831
8092
1141
6896
4742
3817
5516
3248
6061
4981
1689
2895
2747
5689
3161
3731
8871
4309
7266
1911
7085
2913
5388
8813
538
5824
234
3289
895
9133
1746
2890
9764
3594
1744
5852
4463
4226
3314
7176
3907
5255
8710
156
1017
7889
8045
8724
6439
9377
5522
6141
5276
9800
6485
2932
6484
5135
5509
3399
4311
5568
7782
6302
5311
9933
5952
2494
9210
3355
470
5837
5586
8936
3097
4064
6685
9812
2591
9798
8152
575
1163
3734
4490
3116
754
7019
9577
9523
7352
7339
5319
7649
2055
4495
4055
3722
4399
767
4173
1933
4850
618
4946
5295
3490
1339
751
532
3049
3552
1908
6266
1590
5616
4488
888
6876
4055
6996
2791
4533
6869
5701
6565
1767
1485
1167
6756
9779
2272
452
6643
703
2320
2481
9566
4595
1512
4726
9840
5884
6987
9822
424
4871
54
5516
8674
4147
6711
1530
6425
9205
9547
9325
3776
6539
3578
8020
5953
9241
7202
7434
9686
9948
9893
7934
4024
7859
4328
4995
5679
2309
6030
6261
6041
4064
3920
3927
1665
8687
1216
7470
706
9910
9360
7262
854
2505
7240
5852
5353
7521
5541
7850
1142
9761
6730
5884
2573
1780
462
1359
6234
3759
197
8570
8435
7174
76
3369
1515
3315
3827
4507
4614
8827
5816
5905
2942
1405
2250
9861
7042
9249
1381
3024
9276
2441
2144
9930
7598
5362
7583
4064
4311
7427
5792
7014
6558
1662
1575
3413
3710
7190
3502
6221
4736
150
8264
4480
4040
1425
4423
4895
5021
3077
7694
4864
3444
3709
1490
7199
6470
4076
3948
4511
3826
5933
9091
8368
3173
9787
6725
8304
6808
5890
7226
7887
9880
7420
1585
59
7078
4722
5067
259
6310
7063
3178
3763
6962
3661
4221
7540
426
1416
2317
2821
512
7384
4726
6574
3336
5373
5473
6368
1507
4381
7728
8224
8466
7041
8025
6565
1917
1274
2866
5136
2895
1459
4259
5050
8423
9049
7928
5555
4143
7280
8039
5547
8664
388
8687
8725
9858
2003
6221
2266
203
7998
5563
5359
963
8588
3040
9608
1386
6921
1092
9322
7397
9394
8279
7548
7771
709
2131
1524
1857
9707
788
7955
1967
5673
6172
8239
5550
7156
7936
8422
5907
9116
8176
9120
3524
6281
5180
6923
7520
5252
675
9250
9028
7221
4463
1991
7562
5008
654
5651
5619
6663
7649
9906
9944
3003
9928
163
2891
340
6663
9075
8883
1577
5674
1199
450
1424
5884
7726
1008
8710
3766
5569
9764
9155
8964
7001
4621
1717
6084
6733
8540
769
9164
1701
5672
2386
9453
2401
3257
5887
8272
8602
7629
120
7916
4053
1020
1659
337
6796
3211
8957
833
1405
8226
2065
639
5962
7096
270
9272
4501
5193
7795
1293
4454
5001
2880
4183
9372
395
6041
7986
6387
802
4251
3321
9143
8737
946
1225
2987
2161
6322
434
356
2025
7809
6191
7021
2476
5913
2261
8058
3532
9758
7448
8968
2918
7195
5036
442
7419
775
2230
9638
1682
259
6874
7642
7401
7182
3190
5866
6971
9401
8184
2323
4636
8158
220
2966
5520
4287
6783
8142
1765
2907
6189
9090
2519
902
9445
9588
7706
3714
5651
4028
3182
4171
6505
6526
8944
8381
3268
4170
2637
1582
2740
819
4178
5895
9547
3674
4167
192
9606
1182
5193
9227
7166
1681
4123
5203
7674
5695
583
8061
3525
1065
1625
1527
9181
8776
509
9044
5174
1794
3466
5211
1765
5064
190
6220
1329
2591
9990
6104
3868
5909
8058
5169
5197
1952
976
3762
5812
4305
2635
9664
5862
8762
5623
7745
9507
6570
8352
5520
3254
1409
7532
4605
4283
4799
1888
1646
3961
8692
4830
4839
6253
3739
3062
8572
1418
5660
552
4734
9374
8988
1471
8237
9710
7065
2449
2401
2469
615
1960
6100
2737
5743
108
3826
6160
112
3039
2237
9974
3324
7197
5065
761
1862
6787
2876
3495
2384
5695
1765
5706
8279
7425
2066
8108
2932
9398
4974
5871
4087
4575
2336
3913
7141
9426
9624
7736
7457
6267
764
1579
6747
8284
2849
2549
283
310
8636
9974
1435
7944
1521
1461
4817
1387
1286
7292
5561
8904
3073
2659
5803
9742
8504
4567
831
1787
45
358
2838
8704
3054
2271
4844
6594
6500
7527
6927
7420
4118
5177
7464
8375
4183
1842
8587
8789
3539
2889
884
8514
8545
3533
9237
6338
2974
5939
4189
1149
6060
3657
3497
1098
3994
2979
5116
1703
8578
6176
3129
4130
1932
5743
1370
534
3145
7513
9108
3741
75
8328
8842
8637
2062
2031
7936
6241
8273
6310
7503
7357
5275
1871
3448
4467
6156
779
3009
8676
1269
7720
175
2066
3453
5649
6519
4386
9970
2635
5671
7419
3941
9529
8512
5978
7329
3158
6518
3660
492
3046
8929
6471
5579
7648
1714
3366
6689
1544
9768
5963
555
5542
7350
4758
4730
5482
140
1544
6710
825
9837
5719
8952
3741
9496
5557
4135
4526
8649
5821
636
2719
6505
3756
6933
9894
8518
7699
107
5040
4096
208
6405
2560
5068
2862
4533
9271
5970
4148
9280
8007
1657
4803
2270
2564
6734
8946
5207
7103
6592
4371
7545
5087
6021
4154
2734
5624
9036
2018
4124
6738
8460
9818
2281
1896
4690
8078
8669
8543
2029
7291
7816
2490
3633
7395
2371
6643
6725
32
4547
6749
4899
2208
8165
9416
7815
1110
6489
6517
45
3414
4855
6498
8674
2211
8671
5124
2042
5828
9520
6922
4778
5061
5181
43
8497
3301
1283
4499
4212
2133
4501
8303
1828
7005
8939
3150
1468
4359
4559
7512
2634
4588
5992
4518
8418
7594
5352
9735
4446
2608
5746
862
2664
3360
9366
1677
7793
7468
5638
678
6507
9027
5238
8123
9948
7722
5858
8129
6976
560
8424
7920
1555
3566
1432
4915
5571
6249
3480
1865
5623
3235
7007
320
1112
4914
2289
619
8565
5449
1452
1401
1113
9583
2252
5609
2618
2010
8167
7970
1890
4281
4383
6103
6986
6659
5567
7487
7454
3927
1015
6030
1816
331
5253
3504
2827
9080
735
3132
7575
8810
9727
8283
5634
1519
3214
118
3111
6062
9803
3957
3093
376
3152
1580
3204
3437
7664
3228
886
3436
53
130
697
4483
9653
5050
5289
5807
2967
9701
4485
8142
5126
3556
8190
8388
6512
2184
8424
5283
2179
7424
1442
1176
2398
1861
8903
6826
4263
3345
2520
7334
2084
5546
7131
5514
587
9617
4522
663
6227
7535
8587
8810
9718
1781
9198
8707
651
6355
1379
6444
120
9588
7146
504
3939
3902
8018
6263
9233
4176
7649
6176
9439
9385
1915
5224
6737
9418
8214
9206
5747
3668
3515
8010
9662
2287
1623
9268
5867
4985
7764
1933
1993
7652
6766
3065
5355
48
7709
6175
553
1663
4145
2342
6424
7939
3062
2606
44
8448
9060
1499
1055
7715
8306
7332
1123
6629
1621
2195
5440
2207
1876
4219
4492
7291
9178
5274
7700
7176
5397
7407
3294
2726
9389
3387
2471
3627
9668
5695
1503
8179
2131
4682
8522
273
7576
1384
8507
643
9220
4431
5478
4301
7721
856
5523
9212
162
6156
3310
5162
0
2476
9307
4744
3724
6924
3331
5936
9023
3989
3786
2070
9278
8663
2514
7475
2438
9831
7413
2239
3103
4386
1061
4688
3633
950
5053
2939
9159
4442
4447
106
1437
6861
3851
5854
4645
983
8808
8935
3624
9589
3963
3477
4973
4124
4599
7095
8804
3356
7916
8966
7299
3447
2475
5381
5769
1837
1321
3388
5357
3295
9314
6276
4947
2881
7473
2028
9835
9143
4091
8853
8128
115
7034
4560
1726
9202
6411
2191
2932
2953
8649
6008
397
8926
2368
8541
764
3941
959
9150
2062
6631
4000
8500
1240
3574
7608
1994
2819
8793
621
3295
4581
442
6383
9019
9687
3697
5340
8899
2457
5975
5176
1606
3160
2102
7805
7522
3118
5066
1916
35
5793
7484
1515
7094
2582
7106
6718
8794
5846
9364
4247
3773
5487
4919
2264
5975
6085
2925
9027
3852
5510
686
7384
1725
8202
6980
7576
7293
9651
8011
4320
498
8180
4314
8524
7568
1215
2279
5204
1972
113
8556
5738
5037
2341
6592
7054
7654
6264
5245
7653
8137
7728
5701
8031
1132
6781
361
1967
8073
7547
9656
3842
3262
1605
8588
1528
34
5373
2861
7934
2609
7297
6443
9371
5325
4893
366
5028
2950
4752
8894
9160
125
7920
3234
1804
3730
3484
3425
6146
1247
6191
5080
7029
6379
2555
1270
9166
6792
1908
4368
3361
6449
4257
1839
8315
1358
4330
5914
3985
4866
4015
876
2674
2483
9219
2597
4796
8118
5565
7936
5665
71
4433
1133
5976
6904
9877
6399
3234
8820
4536
8420
1329
275
8409
7504
9292
9180
7104
3266
455
4696
3876
918
6859
7216
7608
6047
205
7234
7459
6131
4878
6563
7240
7997
5609
6324
3416
4777
8050
4853
7175
4989
9349
896
3101
1699
10
6372
1759
876
5850
336
1578
7717
3880
1380
8304
5914
5404
1421
1259
9425
1751
9951
2096
8746
3396
5250
8775
4536
3649
9978
6026
2246
7391
3210
8031
4140
9253
9744
2492
5552
5921
2558
1184
7302
3074
2168
5146
197
8612
2818
7497
6946
3978
2282
9486
9806
5799
890
7906
7285
2225
6039
4013
2023
1962
9102
6815
6460
5837
657
8861
7584
7586
1216
4598
6239
8688
7557
7430
31
9599
2334
1396
2553
5225
7572
4636
454
2272
5971
7867
6261
8048
1725
8228
5925
3231
7577
6709
6013
6982
2443
8169
7705
3885
9851
8325
6542
8718
8188
317
8601
6225
3429
8202
4151
8696
6892
3513
909
6030
2809
851
9765
7408
6213
8419
4661
6632
2999
8761
1941
5229
4133
3262
2406
9275
2042
2456
5458
7058
1567
6554
6755
4555
5553
2199
7836
4558
9800
6264
915
7380
3342
8011
9600
9024
9820
5992
5369
1969
473
9237
5024
4421
8458
7524
6486
3196
6612
6500
4861
6428
1699
3642
2659
2122
9375
6911
6636
4712
6896
8207
5245
7301
5897
9434
3193
80
1675
6608
1338
6021
203
9794
3531
4627
8788
2494
5508
9002
6545
6661
1676
1519
9696
1526
1426
7664
2416
5830
516
8050
375
3524
2501
3807
2347
7949
4010
9631
5338
9355
8853
3850
3055
7242
327
7329
6490
2242
2052
7807
9923
9691
398
5923
6508
5670
889
4055
1327
7910
6326
432
5352
4292
9775
6884
5239
3975
5023
7832
8236
7276
2236
2857
6979
3311
2031
5462
5640
4373
6105
1080
3015
7028
3355
7006
8095
7324
5690
7113
5541
1742
3717
3600
605
9179
7984
9840
2990
4453
2939
9576
4564
7067
8733
1465
5992
2815
2445
7707
8568
4216
384
2799
8189
9176
5117
9888
7169
4680
3233
1816
4076
5269
5240
6816
639
4320
5547
3086
7920
6579
5392
9071
7000
2783
5982
3180
1363
9764
3195
4700
1576
739
3034
4570
6255
3326
9879
2426
8864
529
4094
9387
6267
5542
3056
1385
4927
610
7798
2410
2670
9534
3257
3197
6677
8706
5862
6930
3491
1255
5995
6155
3539
2789
209
1145
1887
6582
4818
8123
7838
4011
5798
4535
4986
5695
5862
6795
2624
6255
3717
1070
5333
3898
2196
1188
7782
7568
4366
540
6259
8971
4266
1621
9586
2749
6053
3461
234
1433
2805
7122
3364
9968
4065
7719
8360
1140
2207
4178
7455
2876
4542
1031
8965
2754
4677
1348
4952
7012
7442
1642
804
8863
89
2169
3983
6804
1300
2732
6208
6395
1263
2732
3004
1927
81
9456
2886
8852
5039
1720
8727
1482
3995
4464
6437
4669
7399
7843
5753
2201
1498
4825
8905
6313
5687
4938
6254
5384
1928
5523
1820
9761
2791
5722
9980
7185
2297
1771
9933
5769
9636
7309
6723
7959
7125
3991
5695
4106
4472
8155
6157
4606
521
5467
748
115
5964
1993
2382
5440
1229
1031
3839
6739
6657
2506
1425
5384
4690
9656
8708
7395
9104
7155
7111
542
2319
6841
4142
7720
829
2412
1079
7989
1560
6268
9621
9805
4528
4882
9395
2801
3611
3022
6644
4417
960
5729
8331
9660
6562
2665
8843
1340
9611
3850
3369
7762
1266
7491
7682
162
1291
7792
4390
3563
9710
5642
3001
8499
4638
1280
9824
6101
4375
9847
3381
9056
7528
366
7909
3297
7352
9751
4417
3653
7280
7282
641
8619
2141
5408
5027
6658
6548
86
3490
7581
2684
9460
3960
4107
771
9019
7305
344
9493
2292
7886
2421
8479
2600
2911
148
8141
9836
1574
1769
4842
937
186
4650
1070
1646
5685
5632
1158
9823
6807
6318
1346
9477
2858
7896
6497
400
2845
9073
2664
9649
7246
7169
2686
2446
8673
4735
8920
2083
1803
6589
654
316
8997
9355
2553
7699
9478
3228
9450
2548
3710
1601
8100
4773
7004
5864
8997
2181
4727
6306
7942
3764
9856
2753
6396
9071
2729
3421
8970
5207
7589
1816
3082
8345
1433
5067
6783
4354
4762
6635
9216
8412
6883
5166
6819
5627
7780
157
1137
332
770
5700
7448
4526
3236
2873
1219
1018
1684
6263
1740
4299
4493
6455
1371
1691
7701
7964
4275
6722
1241
5002
3640
3887
8811
8635
1737
1185
8514
2750
5317
1247
4219
3806
8356
7163
9120
1843
9858
8442
9489
7216
8579
4
5959
9353
4814
955
8748
3851
815
7360
3366
3528
3144
6271
9797
8997
7888
796
6601
7084
3607
6480
4172
8056
2715
5576
7481
4714
9372
3621
824
4106
8031
910
4557
613
1338
6705
2297
8805
5212
3522
3376
1612
5566
8803
1372
8231
1863
1559
3861
9662
5273
7864
8935
3126
5651
4222
3059
1360
7082
765
8222
5550
2922
1001
945
8046
6883
5691
6539
3751
6256
3326
3105
2752
9325
5880
8346
8090
5493
1757
5274
4263
3730
6972
2387
2069
7433
1729
6532
3745
929
2535
9081
4334
1899
2763
763
1188
1760
6554
3738
8383
3066
2401
2773
2453
1635
2251
7898
9882
5929
9166
6853
8067
6894
2465
1302
3005
2132
180
2471
8576
1464
6025
2504
2112
8105
1400
8901
3897
3457
200
3552
4281
3158
6955
6058
9287
7761
3721
9625
311
2723
5601
1757
8528
5693
1701
57
2002
4735
9605
3449
2964
6387
8988
6058
9659
6930
4424
8677
4470
8986
1732
6115
9028
3206
5353
7179
7508
4898
8855
8891
7244
1356
7038
3985
1713
8818
5117
7938
2835
6380
6790
6353
8383
4501
6874
7291
5650
1286
9097
9105
6548
9121
4969
4986
5814
7955
7177
9071
894
5916
4854
6525
8751
9432
2823
1433
2687
5533
2073
8949
4366
1747
6568
4591
3590
6270
3823
3428
8672
7657
4372
2435
8962
5477
2579
6452
4581
1273
3919
3702
1623
1997
7735
2954
1539
6650
1193
9364
7311
1512
2108
8018
4360
6237
6850
4801
8847
7875
9326
1915
4976
4482
9957
4281
607
4084
9382
3570
8131
5790
4844
8658
6365
4779
584
3033
7898
3570
1099
7817
2269
3082
9010
3839
9456
4228
3926
94
1527
2187
5567
5842
4543
667
5197
3456
8929
2734
4075
1720
8121
2050
8721
9071
2474
1896
5327