4164
6986
3549
9989
9610
6267
7609
7311
1534
5943
4855
4056
5925
9174
5584
4459
4926
1894
984
3444
9678
8550
3340
7804
337
1138
542
2427
6784
5253
6593
5607
6935
9365
3685
3851
2288
5089
560
9688
1711
2243
6704
1800
544
2513
84
315
487
3589
9948
5742
6516
4581
9545
5471
2242
1353
3343
3374
2042
4906
6476
2749
8208
1134
3329
6381
4995
8366
4981
4784
2909
9689
2332
7396
6436
4036
8773
2865
951
5885
360
1789
7900
9731
3198
6731
6358
6316
7852
6001
3223
8539
7006
392
6711
6624
3269
6791
1819
2034
5804
1783
6700
7629
9568
4865
9596
854
5554
6163
7077
6188
9807
4081
9342
8474
4427
8967
8005
2051
6362
8337
3693
3580
4252
5794
4819
5464
684
4437
358
9518
7163
2674
7479
8200
5307
4516
5045
7835
7610
9684
92
2553
3627
1775
3880
187
5744
3126
6631
9614
1952
3282
1261
3614
365
4056
4020
3539
5993
4351
1929
597
1604
7671
894
2294
411
8480
3058
7450
6062
8386
2466
7590
7099
2381
8187
3777
5328
5624
6174
9828
3712
7953
6003
781
7501
3919
124
3315
1697
2185
851
4279
1679
4225
3391
4886
9940
7532
5341
4313
250
7490
6460
7338
2537
6333
1642
9607
6246
5938
1515
4810
3671
1790
9647
6861
9769
4331
4414
3715
1576
150
6172
8517
8894
8733
9990
1911
1241
1343
5403
292
6042
8161
9093
6782
9410
8355
6212
3729
9503
8084
9102
8533
47
7297
2261
7487
9132
7159
2203
4573
6422
2579
8707
3973
4435
7237
551
5376
3651
1920
946
1977
8396
9942
3577
6442
5192
7909
1605
4684
2837
8851
1263
7604
6004
8915
6549
8739
5654
8740
1255
8497
8755
4861
6118
5296
1842
4333
2519
5164
6599
518
2394
9202
8939
3807
1532
2040
7871
4067
8312
9263
801
319
262
6260
99
4477
6091
7684
9156
1387
1763
6408
6391
6761
3297
1362
6785
542
2668
4487
3318
2771
1012
5451
4858
3697
6021
6241
7229
2819
7909
947
4606
3763
1082
2238
1153
3165
7352
4904
2251
1352
5282
4566
2678
749
1948
653
9002
7680
6709
9546
219
2164
2457
6611
1508
5602
4062
6942
126
1322
7265
7805
1273
9064
6434
425
6404
7217
2491
5973
5155
6061
7309
4912
6820
7187
9460
3613
1064
4585
8758
2840
6264
1899
2633
3956
5607
6819
1139
6645
2056
1459
2483
1147
4555
9149
2989
145
3226
5400
1258
1751
8400
36
6127
7478
1597
3856
2813
7132
7530
3876
2670
474
7677
7674
1808
1937
5533
7440
1404
5465
6258
295
3305
128
778
5352
120
7673
2597
9178
5464
4502
9823
9229
1203
8048
3625
4863
9464
3540
5729
8594
8343
5968
7452
8881
9943
7721
7550
4800
7533
835
8793
2106
9476
8244
8302
8424
8115
2718
8043
7411
9809
721
6758
8139
3521
4991
2009
8105
8647
8034
6448
57
7013
9097
8290
8672
4666
6129
8330
8402
4570
9906
8479
7467
7594
7107
1340
8557
2241
6721
138
5583
6635
5544
286
5890
7750
5560
7208
8550
7583
7023
4491
9951
7904
6228
8277
4078
380
9131
1472
1527
9824
2971
9669
1365
3606
710
9036
9448
5678
2652
7331
800
9196
5353
5775
6814
7764
7467
6097
1776
8933
9652
8221
8378
7676
341
1553
1839
368
3855
9978
8237
1245
1449
3265
8720
7449
3493
7613
7766
2987
7777
9296
1085
9147
1603
2395
4299
4811
1732
8099
9651
5741
2597
6048
2034
7048
9325
7301
142
1346
5047
9940
935
8947
1506
1406
819
7658
7758
6202
4495
9482
6510
8990
799
4280
6495
2703
4244
1010
8944
2408
6791
1935
2884
9320
2569
116
9120
4149
1553
8786
2788
899
3507
2695
8823
1012
1606
2746
2072
5125
6516
2866
7376
6411
6732
9291
7004
5902
2748
2204
3067
275
4899
1430
9114
9041
3224
3597
982
1944
3921
2162
3240
9405
3505
7301
6784
6531
2041
5164
4054
8677
6246
478
9771
1063
113
3860
9046
5682
7089
5067
6829
3597
1568
9935
8523
3024
710
7828
8057
9243
9946
4633
3158
8163
6739
5574
6465
549
1829
3009
8972
7573
9305
6480
1833
391
1155
1018
4702
7184
8938
3787
5642
5463
4838
1941
4780
8667
1179
6869
6066
6661
8285
1041
3028
243
3797
886
5327
5754
1569
5597
5842
5824
2816
2112
4170
8948
8262
8351
6207
4509
2026
9755
3829
2444
3680
1015
5385
526
5689
2132
4611
572
7422
2997
1634
1142
7223
7731
797
5085
1961
3819
3615
6052
1653
675
1002
6921
4758
2597
1085
8079
5829
9926
8281
5887
3712
8085
2965
5928
6030
4896
2250
6985
130
7615
1055
3023
2961
7716
7845
5202
764
9152
2535
1648
8510
1840
9487
4179
4938
4423
3804
9083
637
3178
8229
9287
1127
9261
5661
8201
261
9410
9149
7811
1234
7775
6916
4282
2045
1491
5430
2942
5176
5639
1021
639
3537
7792
2399
3902
9165
4066
2439
949
543
7026
8639
2176
1150
2753
3577
515
5022
9155
6056
6382
8027
6923
2841
4450
765
2598
6138
3343
2878
9900
5756
7907
3607
6314
2797
4571
3298
3575
6764
2318
8013
2838
549
5468
273
4517
6928
2768
8641
1176
4001
5422
7978
3632
204
6778
5227
9414
3325
2001
8434
4974
1856
1471
9457
9378
4089
7052
9820
2854
9544
1506
2830
9052
244
306
9718
9802
1572
8633
9455
954
6235
7833
6579
3397
4908
2410
6696
9230
8735
9110
9909
8747
3404
2029
9884
7287
2937
8796
2450
4591
5890
655
7348
1925
1226
8879
2918
9920
2517
8647
2267
7343
7037
4846
928
9938
8045
4733
1051
4845
2049
6993
7572
8534
7971
5537
6794
7160
7025
3522
1252
5108
4891
1541
9968
4674
2957
4005
6713
857
3052
3725
8082
4419
8783
3372
413
4533
9454
9
8020
2425
7596
9042
1882
8025
4975
6966
2206
1415
3536
1104
3344
2187
9008
6965
4749
9213
5254
1542
4052
9318
1165
5523
8603